0.907079 21509.964 1
0.906961 21505.936 1
0.906852 21498.556 1
0.907122 21499.180 1
0.907139 21498.122 1
0.906975 21499.483 1
0.907177 21497.263 1
0.907237 21498.394 1
0.906993 21500.378 1
0.907194 21503.755 1
0.907306 21511.507 1
0.907176 21521.741 1
0.907490 21528.121 1
0.907592 21529.698 1
0.907484 21529.578 1
0.907694 21533.364 1
0.907757 21536.136 1
0.907810 21538.739 1
0.907789 21544.524 1
0.907771 21556.034 1
0.907683 21560.338 1
0.907722 21553.497 1
0.907706 21557.501 1
0.907591 21564.344 1
0.907552 21579.900 1
0.907407 21585.858 1
0.907369 21583.119 1
0.907512 21570.060 1
0.907463 21564.147 1
0.907403 21551.139 1
0.907391 21545.454 1
0.907491 21552.285 1
0.907507 21545.383 1
0.907618 21548.463 1
0.907398 21552.732 1
0.907220 21546.698 1
0.907590 21565.664 1
0.907626 21573.896 1
0.907348 21579.514 1
0.907391 21582.797 1
0.907432 21571.216 1
0.907236 21560.183 1
0.907142 21557.531 1
0.907384 21557.035 1
0.907245 21562.289 1
0.907285 21591.713 1
0.907386 21598.510 1
0.907582 21602.061 1
0.907575 21592.836 1
0.907564 21596.831 1
0.907656 21606.631 1
0.907517 21593.053 1
0.907580 21576.545 1
0.907700 21579.156 1
0.907483 21581.281 1
0.907584 21600.141 1
0.907621 21602.439 1
0.907693 21614.992 1
0.907409 21615.908 1
0.907365 21626.643 1
0.907791 21598.240 1
0.907648 21566.595 1
0.907534 21548.292 1
0.907832 21541.395 1
0.907722 21547.134 1
0.907571 21556.970 1
0.907754 21552.537 1
0.907655 21555.470 1
0.907552 21573.222 1
0.907749 21573.821 1
0.907595 21582.291 1
0.907519 21591.115 1
0.907589 21592.669 1
0.907550 21585.221 1
0.907532 21576.288 1
0.907545 21568.711 1
0.907690 21565.368 1
0.907904 21566.572 1
0.907951 21569.072 1
0.907901 21577.487 1
0.907818 21578.720 1
0.907604 21578.264 1
0.907437 21574.259 1
0.907476 21566.650 1
0.907401 21553.552 1
0.907348 21543.140 1
0.907592 21539.047 1
0.907356 21532.543 1
0.907330 21529.394 1
0.907711 21526.849 1
0.907726 21529.113 1
0.907693 21529.062 1
0.907920 21534.071 1
0.907842 21533.849 1
0.907644 21530.900 1
0.907589 21525.378 1
0.907784 21520.599 1
