0.900192 21518.782 1
0.900047 21524.204 1
0.900162 21518.095 1
0.900372 21506.958 1
0.900498 21511.273 1
0.900074 21510.781 1
0.899766 21521.225 1
0.899860 21522.610 1
0.899894 21518.478 1
0.899916 21501.801 1
0.899922 21489.097 1
0.899707 21484.652 1
0.899646 21489.492 1
0.899887 21491.307 1
0.899931 21502.924 1
0.899898 21509.413 1
0.900086 21514.465 1
0.900110 21522.803 1
0.899916 21528.906 1
0.899980 21541.260 1
0.899743 21553.371 1
0.899513 21563.303 1
0.899627 21567.985 1
0.899754 21565.790 1
0.899605 21553.880 1
0.899631 21554.235 1
0.899657 21559.582 1
0.899495 21553.690 1
0.899508 21547.072 1
0.899503 21543.642 1
0.899382 21542.663 1
0.899496 21534.904 1
0.899316 21523.674 1
0.899141 21531.587 1
0.899109 21527.608 1
0.898807 21539.114 1
0.898785 21548.874 1
0.898708 21542.832 1
0.898589 21534.806 1
0.898642 21522.470 1
0.898576 21506.881 1
1.554737 20768.179 1
2.381073 15389.096 1
2.399204 14984.965 1
2.401008 14942.974 1
2.401987 14911.414 1
2.402407 14897.933 1
2.402844 14887.055 1
2.403078 14886.859 1
2.403331 14887.229 1
2.403455 14885.995 1
2.403535 14880.385 1
2.403508 14875.543 1
2.403527 14870.449 1
2.403391 14867.527 1
2.403486 14869.345 1
2.403411 14871.163 1
2.403434 14867.876 1
2.403345 14865.024 1
2.403480 14863.239 1
2.424845 14300.037 1
1.905891 1909.783 1
0.027850 5.928 1
0.027345 5.695 1
0.027285 5.723 1
0.026827 5.731 1
0.027418 5.800 1
0.027570 5.848 1
0.027489 5.837 1
0.028095 5.836 1
0.020019 -0.012 1
0.012348 -4.343 1
0.010588 -4.490 1
0.010226 -4.528 1
0.010212 -4.523 1
0.009937 -4.500 1
0.010859 -4.390 1
0.021964 2.708 1
0.028400 5.967 1
0.028716 6.147 1
1.576614 4942.133 1
2.401072 14937.170 1
2.386004 15265.763 1
2.385039 15275.619 1
2.384373 15294.008 1
2.383863 15326.449 1
2.383479 15338.302 1
2.353540 15892.286 1
1.041445 21719.613 1
0.868442 21524.255 1
0.865784 21512.322 1
0.864889 21499.859 1
0.864183 21487.687 1
0.863515 21484.011 1
0.863068 21470.279 1
0.670084 22298.865 1
-0.789506 24308.795 1
-0.842509 24263.084 1
-0.844154 24260.717 1
-0.845445 24271.715 1
-0.846369 24274.569 1
-2.217518 23067.106 1
-2.446074 20508.015 1
-2.446498 20482.835 1
-2.446730 20469.832 1
-2.446805 20459.268 1
-2.446972 20445.443 1
-2.446983 20442.947 1
-2.447115 20424.557 1
-1.497057 24844.451 1
-0.882435 24523.760 1
-0.878170 24503.316 1
-0.877461 24482.335 1
-0.877098 24477.703 1
-0.423763 24108.438 1
0.786212 21733.351 1
0.823251 21642.159 1
0.824906 21637.412 1
0.825483 21630.866 1
0.825766 21613.094 1
0.825933 21611.595 1
0.826086 21625.816 1
0.826135 21644.647 1
0.826006 21660.406 1
0.826102 21666.014 1
0.826021 21660.588 1
0.826029 21658.211 1
0.825991 21656.407 1
0.826006 21640.427 1
0.826033 21627.159 1
0.826083 21620.631 1
0.825917 21609.085 1
0.825812 21598.074 1
0.826222 21590.941 1
0.826216 21587.124 1
0.826193 21577.555 1
0.826444 21569.298 1
0.826432 21557.123 1
0.826342 21546.798 1
0.826409 21542.798 1
0.826512 21547.032 1
0.826507 21559.568 1
0.826563 21561.492 1
0.826725 21565.303 1
0.826810 21572.412 1
0.826873 21576.191 1
0.827012 21573.174 1
0.827150 21571.867 1
0.827105 21571.815 1
0.827073 21569.934 1
