0.903648 21506.046 1
0.903491 21499.210 1
0.903240 21502.866 1
0.903117 21509.646 1
0.902841 21503.319 1
0.902800 21502.025 1
0.902951 21500.798 1
0.902937 21502.063 1
0.902887 21506.136 1
0.902731 21509.721 1
0.902696 21516.328 1
0.902647 21516.024 1
0.902734 21517.299 1
0.902863 21520.676 1
0.902830 21520.927 1
0.902738 21516.607 1
0.902827 21514.446 1
0.902852 21512.510 1
0.902811 21513.058 1
0.902840 21516.284 1
0.902785 21517.943 1
0.902656 21509.861 1
0.902669 21510.064 1
0.902551 21511.964 1
0.902506 21516.799 1
0.902492 21521.331 1
0.902248 21523.869 1
0.902241 21520.201 1
0.902331 21516.456 1
0.902174 21516.791 1
0.902161 21525.157 1
0.902266 21521.230 1
0.902175 21510.141 1
0.902245 21507.348 1
0.902442 21510.640 1
0.902673 21519.485 1
0.902643 21518.776 1
0.902748 21519.828 1
0.902926 21522.506 1
0.902897 21523.397 1
0.902858 21525.546 1
0.903200 21522.737 1
0.903293 21516.849 1
0.903070 21514.878 1
0.903419 21522.174 1
0.903455 21527.471 1
0.903268 21531.021 1
0.903541 21531.469 1
0.903641 21519.091 1
0.903336 21514.888 1
0.903532 21522.705 1
0.903572 21529.383 1
0.903403 21529.568 1
0.903335 21530.867 1
0.903404 21533.964 1
0.903317 21535.315 1
0.903248 21538.011 1
0.903225 21541.898 1
0.903333 21549.068 1
0.903456 21543.043 1
0.903422 21545.950 1
0.903671 21552.289 1
0.903498 21554.862 1
0.903339 21555.623 1
0.903491 21560.991 1
0.903485 21557.416 1
0.903303 21549.533 1
0.903280 21537.967 1
0.903284 21528.605 1
0.903090 21521.181 1
0.903024 21522.120 1
0.903193 21524.044 1
0.903139 21523.142 1
0.903087 21524.230 1
0.903343 21526.813 1
0.903413 21532.169 1
0.903267 21537.181 1
0.903402 21542.969 1
0.903570 21551.435 1
0.903368 21548.965 1
0.903329 21553.411 1
0.903519 21556.230 1
0.903423 21565.494 1
0.903404 21572.780 1
0.903630 21591.293 1
0.903632 21613.505 1
0.903502 21621.243 1
0.903733 21624.615 1
0.904035 21622.107 1
0.904127 21616.827 1
0.904509 21613.724 1
0.904885 21610.454 1
0.904808 21607.773 1
0.904768 21600.287 1
0.905029 21595.241 1
0.904818 21585.981 1
0.904730 21603.812 1
0.904702 21614.554 1
0.904564 21616.151 1
0.904250 21628.707 1
0.904427 21655.318 1
0.904288 21646.350 1
0.904192 21616.752 1
0.904335 21612.244 1
0.904193 21611.082 1
0.904400 21609.197 1
0.904449 21605.724 1
0.904303 21592.651 1
0.904423 21582.304 1
0.904528 21580.923 1
0.904657 21591.021 1
0.904772 21606.463 1
0.904640 21604.153 1
0.904700 21604.597 1
0.904821 21625.438 1
0.904479 21640.760 1
0.904371 21646.040 1
0.904435 21647.596 1
0.904130 21636.076 1
0.903917 21630.605 1
0.904013 21651.347 1
0.904020 21641.905 1
0.903831 21642.496 1
0.903874 21657.988 1
0.903933 21664.728 1
0.904060 21649.371 1
0.904216 21631.510 1
0.904324 21611.539 1
0.904414 21599.560 1
0.904571 21593.246 1
0.904673 21601.887 1
0.904792 21604.672 1
0.904941 21613.969 1
0.904893 21623.646 1
0.904767 21624.069 1
0.904745 21619.394 1
0.904822 21620.047 1
0.904971 21613.371 1
0.905229 21613.501 1
0.905166 21602.621 1
0.905005 21603.875 1
0.904973 21600.938 1
0.904855 21590.425 1
0.905192 21597.640 1
0.905569 21610.805 1
0.905574 21608.453 1
0.905434 21606.070 1
0.905426 21606.807 1
0.905213 21603.351 1
0.905156 21592.636 1
0.905236 21604.715 1
0.905244 21620.208 1
0.905202 21628.665 1
0.905157 21612.960 1
0.905103 21628.754 1
0.904825 21620.628 1
0.904771 21615.844 1
0.904789 21614.852 1
0.904530 21582.454 1
0.904713 21558.725 1
0.904799 21530.243 1
0.904754 21514.747 1
0.904695 21497.871 1
0.904602 21481.152 1
0.904684 21482.982 1
0.904604 21502.387 1
0.904601 21529.831 1
0.904606 21542.951 1
0.904508 21545.149 1
0.904400 21563.318 1
0.904224 21573.071 1
0.904072 21582.636 1
0.904034 21580.904 1
0.904023 21584.988 1
0.903798 21602.324 1
0.903877 21612.251 1
0.903990 21586.863 1
0.903953 21565.772 1
0.904097 21567.567 1
0.904136 21562.497 1
0.904055 21561.373 1
0.904106 21564.798 1
0.904161 21545.968 1
0.904106 21529.059 1
0.904280 21529.453 1
0.904309 21551.199 1
0.904299 21558.391 1
0.904358 21562.031 1
0.904611 21569.232 1
0.904508 21563.486 1
0.904374 21567.893 1
0.904446 21576.577 1
0.904288 21566.823 1
0.904281 21551.960 1
0.904644 21536.091 1
0.904668 21552.077 1
0.904542 21574.278 1
0.904556 21576.330 1
0.904756 21576.122 1
0.904663 21573.996 1
0.904455 21573.165 1
0.904749 21575.471 1
0.904856 21569.795 1
0.904519 21563.399 1
0.904521 21571.485 1
0.904677 21582.630 1
0.904227 21614.336 1
0.904351 21608.715 1
0.904531 21600.607 1
0.904361 21600.159 1
0.904268 21599.969 1
0.904412 21613.047 1
0.904269 21592.147 1
0.904130 21602.781 1
0.904097 21591.863 1
0.904084 21582.868 1
0.904072 21572.826 1
0.904155 21559.275 1
0.904231 21569.494 1
0.904199 21589.231 1
0.904142 21592.576 1
0.904203 21583.783 1
0.904317 21570.344 1
0.904152 21568.059 1
0.904114 21573.097 1
0.904035 21563.480 1
0.903876 21542.156 1
0.903793 21524.959 1
0.903926 21524.494 1
0.903973 21520.807 1
0.903999 21517.081 1
0.904025 21524.838 1
0.904102 21532.772 1
0.903971 21538.015 1
0.904028 21508.251 1
0.903976 21512.140 1
0.903595 21531.610 1
0.903944 21548.100 1
0.904099 21565.080 1
0.904133 21552.609 1
0.904093 21551.766 1
0.904216 21557.782 1
0.904370 21566.511 1
0.904284 21570.835 1
0.904238 21573.515 1
0.904124 21583.938 1
0.904061 21593.181 1
0.904006 21590.074 1
0.904065 21548.240 1
0.903933 21516.078 1
0.903854 21504.570 1
0.903719 21504.088 1
0.903599 21509.939 1
0.903571 21518.386 1
0.903677 21527.153 1
0.903723 21534.607 1
0.903647 21545.267 1
0.903686 21552.248 1
0.903583 21556.449 1
0.903488 21567.952 1
0.903562 21571.035 1
0.903586 21565.486 1
0.903414 21562.478 1
0.903746 21566.881 1
0.903581 21568.605 1
0.903440 21567.601 1
0.903538 21567.565 1
0.903603 21566.498 1
0.903626 21563.454 1
0.903638 21551.665 1
0.903783 21562.621 1
0.903849 21567.306 1
0.903691 21574.890 1
0.903886 21583.248 1
0.904138 21574.446 1
0.903822 21572.264 1
0.903950 21570.653 1
0.904024 21561.991 1
0.903649 21562.343 1
0.903648 21558.371 1
0.903707 21552.060 1
0.903533 21553.539 1
0.903437 21539.852 1
0.903581 21529.041 1
0.903439 21512.169 1
0.903218 21500.233 1
0.903205 21502.579 1
0.903097 21514.924 1
0.902928 21525.069 1
0.903022 21535.199 1
0.903082 21532.786 1
0.902994 21530.680 1
0.903021 21531.371 1
0.903051 21538.208 1
0.902911 21542.533 1
0.902666 21546.664 1
0.902589 21542.633 1
0.902483 21536.814 1
0.902233 21537.777 1
0.902273 21538.752 1
0.902240 21536.825 1
0.901961 21528.952 1
0.902003 21522.089 1
