0.907146 21589.240 1
0.907116 21589.047 1
0.907128 21586.372 1
0.907187 21599.239 1
0.907095 21611.437 1
0.906995 21605.260 1
0.907107 21601.509 1
0.907227 21611.744 1
0.907298 21613.969 1
0.907134 21613.574 1
0.907068 21614.385 1
0.907071 21608.890 1
0.907024 21611.095 1
0.906898 21613.013 1
0.906832 21604.620 1
0.906859 21606.882 1
0.906851 21619.241 1
0.907031 21632.280 1
0.906977 21636.464 1
0.907014 21631.787 1
0.907186 21620.221 1
0.907130 21628.747 1
0.906978 21639.133 1
0.907100 21653.911 1
0.907279 21640.675 1
0.906973 21621.546 1
0.906794 21649.183 1
0.906917 21645.707 1
0.906643 21633.241 1
0.906471 21641.099 1
0.906710 21655.086 1
0.906482 21644.804 1
0.906680 21612.752 1
0.906871 21599.313 1
0.906678 21600.014 1
0.906704 21596.970 1
0.906901 21596.551 1
0.906952 21588.764 1
0.906933 21583.999 1
0.906887 21582.333 1
0.906905 21583.896 1
0.906815 21585.644 1
0.906629 21590.591 1
0.906646 21589.980 1
0.906553 21600.493 1
0.906572 21598.941 1
0.906590 21608.034 1
0.906439 21617.537 1
0.906379 21602.096 1
0.906430 21590.530 1
0.906309 21616.487 1
0.906227 21619.424 1
0.906391 21620.017 1
0.906407 21622.963 1
0.906484 21614.617 1
0.906639 21595.267 1
0.906580 21589.846 1
0.906583 21606.288 1
0.906530 21613.724 1
0.906509 21604.865 1
0.906519 21604.397 1
0.906420 21605.126 1
0.906582 21590.696 1
0.906503 21575.985 1
0.906295 21581.042 1
0.906203 21600.546 1
0.906152 21604.270 1
0.906070 21606.739 1
0.906191 21607.389 1
0.906218 21602.405 1
0.906186 21584.808 1
0.906159 21573.276 1
0.906221 21560.417 1
0.906325 21556.753 1
0.906130 21560.224 1
0.906233 21558.620 1
0.906291 21556.309 1
0.906185 21559.173 1
0.906068 21564.349 1
0.906114 21564.992 1
0.906146 21562.824 1
0.906588 21569.643 1
0.906598 21576.632 1
0.906364 21569.401 1
0.906367 21570.227 1
0.906538 21580.491 1
0.906392 21586.180 1
0.906315 21587.872 1
0.906397 21586.672 1
0.906198 21584.579 1
0.906245 21580.921 1
0.906233 21578.748 1
0.905984 21572.660 1
0.905965 21563.162 1
0.906027 21565.234 1
0.905858 21545.981 1
0.906096 21537.343 1
0.906199 21544.817 1
0.906216 21551.343 1
0.906263 21554.546 1
0.906271 21556.115 1
0.906183 21563.542 1
0.906011 21564.087 1
0.905950 21552.358 1
0.905841 21541.687 1
0.905787 21535.038 1
0.905829 21536.388 1
0.905766 21533.824 1
0.905760 21531.750 1
0.905720 21520.746 1
0.905787 21510.017 1
0.905665 21494.863 1
0.905603 21490.870 1
0.905689 21490.046 1
0.905652 21495.069 1
